r = 1:150;
